InputNodes 1

NetworkNodes 10

OutputNodes 1

InitialState
0.0870516 0.244281 0.697447 0.667098 -0.103886 -0.0605744 0.671804 -0.866734 -0.966279 -0.826332 

InputWeights
-0.26377 
-0.540834 
0.322661 
0.403217 
-0.984539 
-0.0667221 
-0.853773 
0.889714 
-0.376658 
0.193604 

NetworkWeights
-0.289981 0.950978 -0.417511 0.111737 0.577068 0.668321 0.497127 0.0797874 0.772151 -0.436268 
0.259593 0.657797 -0.20832 -0.120708 -0.278035 -0.495195 -0.46938 0.0793173 0.46217 -0.586836 
-0.476544 -0.742988 -0.5419 -0.439067 -0.865508 0.780941 0.712144 -0.798194 0.640763 -0.550406 
-0.785842 0.676473 0.55268 0.558693 -0.70412 0.791868 0.125982 0.529097 -0.457465 -0.096188 
-0.220879 -0.352038 -0.0650901 -0.421474 0.393689 0.356753 -0.724752 0.360352 0.428784 -0.983384 
-0.801444 0.189982 0.678496 -0.465547 -0.32446 -0.824373 0.988944 0.129231 -0.274862 0.513554 
0.723602 0.0508936 0.545472 0.915218 0.780714 0.00324024 -0.25615 0.248996 0.791201 -0.809964 
-0.0307855 -0.92446 -0.209479 -0.285856 -0.715243 0.211533 0.730248 0.759675 0.577691 0.449487 
-0.845348 0.092548 -0.941001 -0.976396 0.572883 -0.910768 -0.395462 0.367837 0.0804359 0.525752 
-0.432799 0.242716 -0.154325 -0.491122 0.376778 0.290756 -0.740979 0.253872 0.365196 -0.990445 

OutputWeights
-0.713078 -0.00384806 -0.712945 0.884238 0.343088 -0.473394 0.964091 0.779162 0.276999 -0.776114 

NetworkBias
0.378141 0.755279 0.228067 0.26968 -0.0287749 -0.883738 -0.153803 -0.0739983 0.18051 0.329443 

OutputBias
-0.92643 

